"Dstat 0.7.3 CSV output"
"Author:","Dag Wieers <dag@wieers.com>",,,,"URL:","http://dag.wieers.com/home-made/dstat/"
"Host:","cockroach-worker-2",,,,"User:","docker-user"
"Cmdline:","dstat -t -c -m -d -n --noupdate --output cockroach-20-workloada-256-20201207-121355-2.csv 1 400",,,,"Date:","07 Dec 2020 12:14:00 UTC"
"system","total cpu usage",,,,,"memory usage",,,,"dsk/total",,"net/total",
"time","usr","sys","idl","wai","stl","used","free","buff","cach","read","writ","recv","send"
07-12 12:14:00,16.931,4.635,70.026,8.329,0.079,1652834304,28769751040,96845824,3008831488,66754.061,11009982.352,0,0
07-12 12:14:01,3.675,2.100,93.963,0.262,0,1652740096,28769837056,96845824,3008839680,0,114688,161423,146126
07-12 12:14:02,5.094,1.609,93.298,0,0,1653002240,28769574912,96845824,3008839680,0,0,165775,151928
07-12 12:14:03,5.362,1.072,93.298,0,0.268,1652740096,28769837056,96845824,3008839680,0,0,230078,223525
07-12 12:14:04,35.884,8.443,55.145,0.528,0,1653182464,28769378304,96845824,3008856064,0,937984,2007085,2285481
07-12 12:14:05,60.253,10.633,28.354,0.506,0.253,1656475648,28765855744,96845824,3008966656,0,1953792,3535417,4158022
07-12 12:14:06,36.548,6.345,56.345,0.761,0,1657466880,28764798976,96845824,3008995328,0,2580480,1770912,2853889
07-12 12:14:07,33.501,6.297,58.690,1.511,0,1658458112,28763807744,96845824,3008995328,0,2752512,1671651,2527022
07-12 12:14:08,30.848,5.398,61.440,2.057,0.257,1659412480,28762841088,96845824,3009007616,0,2441216,1050352,1353332
07-12 12:14:09,33.671,3.544,61.013,1.772,0,1661026304,28761227264,96845824,3009007616,0,2871296,855674,796313
07-12 12:14:10,30.457,3.553,63.959,1.777,0.254,1664372736,28757872640,96845824,3009011712,0,3747840,771978,708078
07-12 12:14:11,29.517,3.562,64.631,2.290,0,1664696320,28757549056,96845824,3009011712,0,2355200,623563,666993
07-12 12:14:12,29.777,6.452,61.042,2.730,0,1665081344,28757164032,96845824,3009011712,0,2150400,807156,1001344
07-12 12:14:13,29,6.500,62.500,1.750,0.250,1665372160,28756873216,96845824,3009011712,0,1875968,887469,970740
07-12 12:14:14,30.102,5.357,62.755,1.786,0,1666015232,28756226048,96845824,3009015808,0,1728512,826283,954755
07-12 12:14:15,29.723,5.038,62.972,2.267,0,1666564096,28755677184,96845824,3009015808,0,1921024,787013,970705
07-12 12:14:16,29.648,6.281,62.060,1.759,0.251,1667338240,28754903040,96845824,3009015808,0,1970176,952680,1227921
07-12 12:14:17,32.759,4.187,61.330,1.478,0.246,1667891200,28754350080,96845824,3009015808,0,1753088,840157,1071708
07-12 12:14:18,29.262,6.107,62.087,2.545,0,1668255744,28753985536,96845824,3009015808,0,1982464,867003,1014489
07-12 12:14:19,35.038,4.859,58.824,1.023,0.256,1670643712,28751597568,96845824,3009015808,0,3092480,1307238,1433552
07-12 12:14:20,29.082,6.378,63.010,1.531,0,1673609216,28748632064,96845824,3009015808,0,3969024,1029770,1039747
07-12 12:14:21,28.426,5.330,64.213,2.030,0,1674035200,28748206080,96845824,3009015808,0,2002944,820353,881764
07-12 12:14:22,30.479,6.297,60.705,2.267,0.252,1674706944,28747534336,96845824,3009015808,0,2224128,1083521,1200666
07-12 12:14:23,29.124,5.155,64.175,1.546,0,1674887168,28747354112,96845824,3009015808,0,1843200,910447,967386
07-12 12:14:24,24.311,11.529,63.158,0.752,0.251,1642729472,28779098112,96845824,3009429504,0,1040384,645613,573605
07-12 12:14:25,26.055,7.692,65.509,0.744,0,1632661504,28788899840,96845824,3009695744,0,966656,474684,479650
07-12 12:14:26,25.815,8.772,63.910,1.253,0.251,1558474752,28856221696,96845824,3016560640,0,8507392,553729,611828
07-12 12:14:27,30.025,4.835,63.868,1.272,0,1579016192,28834668544,96845824,3017572352,0,3129344,706774,757454
07-12 12:14:28,30.227,6.549,61.461,1.511,0.252,1608216576,28792320000,96845824,3030683648,0,14741504,1061249,1326703
07-12 12:14:29,36.020,6.045,56.927,1.008,0,1614168064,28795293696,96845824,3021684736,0,13586432,1832944,9104862
07-12 12:14:30,30.534,6.361,62.087,1.018,0,1613737984,28800172032,96845824,3017363456,0,18706432,1451716,6263300
07-12 12:14:31,30.730,7.809,58.690,2.519,0.252,1620500480,28778598400,96845824,3031846912,0,30453760,1423192,1597760
07-12 12:14:32,30.424,8.229,58.105,3.242,0,1613307904,28798615552,96845824,3019341824,0,29794304,835969,1043163
07-12 12:14:33,26.933,7.481,62.594,2.743,0.249,1615147008,28793532416,96845824,3022684160,0,25436160,627379,715995
07-12 12:14:34,27.665,6.853,60.914,4.315,0.254,1616162816,28800270336,96845824,3014967296,0,22593536,827535,994007
07-12 12:14:35,32.323,5.556,60.354,1.768,0,1619410944,28797009920,96845824,3014979584,0,2064384,1049410,1241948
07-12 12:14:36,30.357,6.888,59.949,2.551,0.255,1619918848,28796497920,96845824,3014983680,0,2699264,1168688,1417677
07-12 12:14:37,29.442,5.584,63.452,1.523,0,1621438464,28794978304,96845824,3014983680,0,2068480,1094929,1359797
07-12 12:14:38,32.678,5.651,60.197,1.229,0.246,1621692416,28794724352,96845824,3014983680,0,1961984,1013600,1226921
07-12 12:14:39,35.661,6.234,55.362,2.494,0.249,1623740416,28792659968,96845824,3015000064,0,3874816,1148196,1270437
07-12 12:14:40,29.592,6.378,61.990,2.041,0,1627209728,28789174272,96845824,3015016448,0,4497408,1246669,1295230
07-12 12:14:41,33.584,7.018,57.143,2.256,0,1627975680,28788400128,96845824,3015024640,0,2912256,1407798,1854148
07-12 12:14:42,29.777,5.955,62.283,1.737,0.248,1629315072,28787060736,96845824,3015024640,0,2228224,1095965,1424021
07-12 12:14:43,30.673,7.481,60.599,1.247,0,1630388224,28785987584,96845824,3015024640,0,2408448,1212537,1626220
07-12 12:14:44,29.146,6.533,62.312,1.759,0.251,1631059968,28785315840,96845824,3015024640,0,2322432,1163522,1462820
07-12 12:14:45,29.798,8.081,59.343,2.778,0,1631825920,28784545792,96845824,3015028736,0,2895872,1270219,1612007
07-12 12:14:46,29.008,5.344,62.850,2.545,0.254,1633820672,28782542848,96845824,3015036928,0,2719744,1309510,1589840
07-12 12:14:47,33.760,5.115,59.591,1.535,0,1634156544,28782186496,96845824,3015057408,0,2486272,1285050,1721176
07-12 12:14:48,31.266,6.700,59.553,2.233,0.248,1635020800,28781314048,96845824,3015065600,0,2965504,1334217,1739300
07-12 12:14:49,33.503,6.599,58.122,1.777,0,1636732928,28779601920,96845824,3015065600,0,3538944,1262750,1390574
07-12 12:14:50,30.848,7.455,59.126,2.314,0.257,1640407040,28775927808,96845824,3015065600,0,4812800,1394817,1556065
07-12 12:14:51,29.771,6.361,61.832,2.036,0,1640763392,28775571456,96845824,3015065600,0,2236416,1085541,1351121
07-12 12:14:52,29.337,6.633,60.714,3.061,0.255,1641439232,28774895616,96845824,3015065600,0,2928640,1229609,1442332
07-12 12:14:53,33.588,5.089,59.542,1.781,0,1642672128,28773662720,96845824,3015065600,0,2416640,1266159,1563419
07-12 12:14:54,28.424,6.718,62.016,2.584,0.258,1642942464,28773380096,96845824,3015077888,0,2936832,1204650,1577361
07-12 12:14:55,26.952,8.312,62.469,2.267,0,1643687936,28772634624,96845824,3015077888,0,2605056,1285631,1542329
07-12 12:14:56,30.941,5.693,60.891,2.228,0.248,1644101632,28772220928,96845824,3015077888,0,2301952,1000365,1280147
07-12 12:14:57,29.620,5.823,61.519,3.038,0,1644933120,28771377152,96845824,3015090176,0,3117056,1281066,1654765
07-12 12:14:58,28.180,7.980,60.848,2.743,0.249,1645727744,28770570240,96845824,3015102464,0,2441216,1171405,1323747
07-12 12:14:59,33.747,7.940,54.839,3.226,0.248,1647661056,28768636928,96845824,3015102464,0,4014080,1407210,1534421
07-12 12:15:00,33.663,6.683,56.683,2.970,0,1651204096,28765089792,96845824,3015106560,0,5283840,1325018,1595284
07-12 12:15:01,28.643,6.533,61.558,3.015,0.251,1651621888,28764667904,96845824,3015110656,0,2646016,1077494,1281523
07-12 12:15:02,30.051,5.556,60.859,3.283,0.253,1652252672,28764024832,96845824,3015122944,0,2924544,1165931,1463292
07-12 12:15:03,34.772,6.345,57.360,1.523,0,1653346304,28762927104,96845824,3015127040,0,2543616,1414153,1837211
07-12 12:15:04,31.750,5.500,60.750,1.750,0.250,1654079488,28762185728,96845824,3015135232,0,2543616,1268075,1635683
07-12 12:15:05,30.256,6.667,61.026,2.051,0,1654820864,28761444352,96845824,3015135232,0,2539520,1359470,1826800
07-12 12:15:06,28.571,8.418,60.204,2.551,0.255,1656565760,28759699456,96845824,3015135232,0,2322432,1325891,1511635
07-12 12:15:07,28.070,8.020,60.401,3.258,0.251,1656815616,28759441408,96845824,3015143424,0,2924544,1122979,1284853
07-12 12:15:08,31.818,7.828,58.333,1.768,0.253,1657487360,28758765568,96845824,3015147520,0,2564096,1301142,1740778
07-12 12:15:09,31.122,5.867,60.204,2.551,0.255,1658638336,28757602304,96845824,3015159808,0,3416064,1220716,1373593
07-12 12:15:10,27.763,6.427,62.468,3.085,0.257,1662214144,28754022400,96845824,3015163904,0,5259264,1578313,1705337
07-12 12:15:11,31.538,6.667,59.487,2.308,0,1663504384,28752732160,96845824,3015163904,0,3133440,1762947,2266487
07-12 12:15:12,29.563,6.170,61.440,2.571,0.257,1664311296,28751925248,96845824,3015163904,0,2437120,1332933,1477486
07-12 12:15:13,28.389,6.905,61.381,3.069,0.256,1665216512,28751020032,96845824,3015163904,0,2772992,1334548,1714784
07-12 12:15:14,30.280,6.361,60.814,2.545,0,1661607936,28754628608,96845824,3015155712,0,2813952,1219612,1540499
07-12 12:15:15,33.333,6.618,57.108,2.696,0.245,1663545344,28752691200,96845824,3015155712,0,2514944,1154286,1435065
07-12 12:15:16,31.525,7.235,58.140,2.842,0.258,1663705088,28752531456,96845824,3015155712,0,3018752,1306289,1732529
07-12 12:15:17,31.250,7.750,58,3,0,1664610304,28751626240,96845824,3015155712,0,3235840,1477446,1852794
07-12 12:15:18,28.165,5.426,64.083,2.067,0.258,1665159168,28751077376,96845824,3015155712,0,2416640,1230935,1587653
07-12 12:15:19,35.859,8.081,54.293,1.768,0,1667837952,28748398592,96845824,3015155712,0,4132864,1677076,2069920
07-12 12:15:20,32.828,6.313,58.586,2.020,0.253,1671061504,28745175040,96845824,3015155712,0,4497408,1114035,1301876
07-12 12:15:21,30.711,7.868,57.868,3.046,0.508,1671737344,28744499200,96845824,3015155712,0,2785280,1148282,1382327
07-12 12:15:22,28.070,8.772,59.398,3.509,0.251,1672417280,28743819264,96845824,3015155712,0,2859008,1244832,1387766
07-12 12:15:23,27.960,7.053,61.965,3.023,0,1672867840,28743368704,96845824,3015155712,0,2490368,1041011,1097053
07-12 12:15:24,26.972,7.634,61.323,3.817,0.254,1673060352,28743176192,96845824,3015155712,0,3121152,1152499,1329852
07-12 12:15:25,29.040,7.071,60.606,3.283,0,1674256384,28741980160,96845824,3015155712,0,3276800,1421840,1689654
07-12 12:15:26,28.753,6.616,61.578,2.799,0.254,1675739136,28740497408,96845824,3015155712,0,2371584,1032677,1167703
07-12 12:15:27,24.051,8.354,66.076,1.519,0,1625198592,28790398976,96845824,3015794688,0,1613824,682603,652715
07-12 12:15:28,26.154,4.359,67.692,1.538,0.256,1626152960,28781494272,96845824,3023671296,0,9834496,545682,530211
07-12 12:15:29,32.242,6.045,59.698,2.015,0,1557803008,28848168960,96845824,3025317888,0,4919296,1050233,1083303
07-12 12:15:30,33.582,7.463,57.711,1.244,0,1579606016,28818169856,96845824,3033337856,0,11022336,1109016,1278871
07-12 12:15:31,27.366,7.673,61.381,3.325,0.256,1588613120,28817784832,96845824,3024691200,0,29851648,1011651,1277921
07-12 12:15:32,26.700,7.809,61.713,3.778,0,1595936768,28792655872,96845824,3042312192,0,31641600,852605,973525
07-12 12:15:33,25.815,8.521,59.148,6.266,0.251,1597366272,28802818048,96845824,3030990848,0,40038400,914753,1023577
07-12 12:15:34,28.426,7.868,60.914,2.792,0,1606418432,28793753600,96845824,3030900736,0,26021888,1126087,1333739
07-12 12:15:35,32.152,6.076,59.494,2.278,0,1614065664,28794785792,96845824,3022266368,0,16494592,1227776,1686109
07-12 12:15:36,30.479,6.549,59.446,3.275,0.252,1617195008,28791656448,96845824,3022266368,0,3272704,1441021,1823717
07-12 12:15:37,28.351,5.928,62.887,2.835,0,1618161664,28790689792,96845824,3022266368,0,2424832,1184445,1412317
07-12 12:15:38,31.695,8.845,55.774,3.440,0.246,1619001344,28789850112,96845824,3022266368,0,2838528,1186203,1427207
07-12 12:15:39,32.915,8.543,54.774,3.518,0.251,1621258240,28787593216,96845824,3022266368,0,4116480,1487459,1618687
07-12 12:15:40,29.648,6.030,62.060,2.261,0,1624674304,28784173056,96845824,3022270464,0,4284416,1254452,1316285
07-12 12:15:41,30.670,6.186,60.825,2.062,0.258,1624866816,28783980544,96845824,3022270464,0,2457600,1665731,1961371
07-12 12:15:42,28.571,6.015,62.406,2.757,0.251,1625554944,28783292416,96845824,3022270464,0,2306048,1555904,1673966
07-12 12:15:43,34.343,5.051,59.091,1.515,0,1626157056,28782690304,96845824,3022270464,0,2301952,1362835,1782199
07-12 12:15:44,35.949,6.835,55.190,1.772,0.253,1627947008,28780900352,96845824,3022270464,0,2883584,1441064,2107328
07-12 12:15:45,29.367,7.089,61.013,2.532,0,1628397568,28780445696,96845824,3022274560,0,2400256,930391,1209125
07-12 12:15:46,34.005,4.534,58.942,2.267,0.252,1630253056,28778590208,96845824,3022274560,0,2818048,1365519,1819202
07-12 12:15:47,31.095,7.463,59.204,2.239,0,1630593024,28778250240,96845824,3022274560,0,2670592,1115944,1419856
07-12 12:15:48,31.450,6.880,58.722,2.703,0.246,1631072256,28777771008,96845824,3022274560,0,2596864,973507,1161744
07-12 12:15:49,30.390,8.052,58.701,2.597,0.260,1632796672,28776046592,96845824,3022274560,0,3895296,1361564,1684357
07-12 12:15:50,32.653,7.398,56.633,2.806,0.510,1635762176,28773081088,96845824,3022274560,0,4526080,1436564,1435846
07-12 12:15:51,32.071,6.818,59.091,2.020,0,1636495360,28772347904,96845824,3022274560,0,2207744,1082458,1294418
07-12 12:15:52,28.682,6.977,60.724,3.359,0.258,1636777984,28772065280,96845824,3022274560,0,2650112,1285772,1427148
07-12 12:15:53,32.494,7.557,57.431,2.267,0.252,1637974016,28770869248,96845824,3022274560,0,3178496,1420161,1791716
07-12 12:15:54,32.915,6.784,58.291,1.759,0.251,1638555648,28770283520,96845824,3022278656,0,2469888,1347435,1635704
07-12 12:15:55,30.303,6.566,61.616,1.515,0,1639829504,28769009664,96845824,3022278656,0,2502656,1376957,1822724
07-12 12:15:56,30.808,4.798,62.121,2.020,0.253,1640120320,28768718848,96845824,3022278656,0,1888256,1115812,1252582
07-12 12:15:57,28.680,7.614,60.660,2.792,0.254,1640767488,28768071680,96845824,3022278656,0,2592768,1233558,1397881
07-12 12:15:58,29.676,5.985,61.596,2.494,0.249,1640988672,28767850496,96845824,3022278656,0,2490368,1428426,1725510
07-12 12:15:59,36.082,6.701,55.928,1.031,0.258,1643118592,28765720576,96845824,3022278656,0,2928640,1426535,1570163
07-12 12:16:00,34.005,5.290,59.194,1.511,0,1646981120,28761858048,96845824,3022278656,0,4407296,1768392,2037258
07-12 12:16:01,29.716,6.202,62.274,1.550,0.258,1647529984,28761309184,96845824,3022278656,0,2215936,1513673,1807606
07-12 12:16:02,30.250,7.750,60.750,1.250,0,1648205824,28760633344,96845824,3022278656,0,2072576,1762338,2123371
07-12 12:16:03,29.723,6.045,62.217,1.763,0.252,1649012736,28759826432,96845824,3022278656,0,2355200,1297353,1630205
07-12 12:16:04,29.545,5.808,62.626,2.020,0,1649983488,28758855680,96845824,3022278656,0,1978368,1193506,1324598
07-12 12:16:05,32.071,7.071,57.828,2.778,0.253,1650012160,28758827008,96845824,3022278656,0,2650112,1362085,1682818
07-12 12:16:06,32.576,8.586,56.818,1.768,0.253,1652080640,28756758528,96845824,3022278656,0,2535424,1631700,1985045
07-12 12:16:07,30.127,7.089,61.519,1.266,0,1652465664,28756373504,96845824,3022278656,0,1953792,1249689,1540499
07-12 12:16:08,30.633,6.835,59.241,3.038,0.253,1653157888,28755681280,96845824,3022278656,0,2785280,1566794,1837743
07-12 12:16:09,35.550,6.138,56.010,2.046,0.256,1655275520,28753563648,96845824,3022278656,0,3551232,1495237,1703472
07-12 12:16:10,29.412,6.650,61.893,2.046,0,1657798656,28751036416,96845824,3022282752,0,4337664,1312563,1303113
07-12 12:16:11,28.283,7.828,60.354,3.283,0.253,1658269696,28750565376,96845824,3022282752,0,2809856,1548650,1727151
07-12 12:16:12,30.521,5.459,61.538,2.233,0.248,1658695680,28750139392,96845824,3022282752,0,2027520,1608323,1735217
07-12 12:16:13,30.151,6.030,60.553,3.266,0,1660043264,28748791808,96845824,3022282752,0,3035136,1407874,1692307
07-12 12:16:14,35.910,5.237,56.858,1.746,0.249,1660448768,28748386304,96845824,3022282752,0,2666496,1590644,2001406
07-12 12:16:15,32.419,6.484,59.352,1.746,0,1661280256,28747554816,96845824,3022282752,0,2076672,1488764,1662549
07-12 12:16:16,28.861,6.835,61.772,2.278,0.253,1662156800,28746678272,96845824,3022282752,0,2187264,1471173,1659098
07-12 12:16:17,32.071,6.566,60.606,0.758,0,1663021056,28745814016,96845824,3022282752,0,1994752,1376086,1776056
07-12 12:16:18,30.025,7.692,60.546,1.489,0.248,1663651840,28745183232,96845824,3022282752,0,2199552,1294084,1631072
07-12 12:16:19,35.897,7.949,54.359,1.795,0,1665839104,28742995968,96845824,3022282752,0,3723264,1578525,1807902
07-12 12:16:20,33.418,5.823,59.494,1.266,0,1668956160,28739870720,96845824,3022290944,0,4173824,1316140,1425708
07-12 12:16:21,31.250,7.250,59.500,1.750,0.250,1670770688,28738052096,96845824,3022290944,0,2756608,1428083,1921109
07-12 12:16:22,33.249,6.345,58.629,1.777,0,1671188480,28737634304,96845824,3022290944,0,2486272,1245948,1659333
07-12 12:16:23,30.446,6.931,60.891,1.485,0.248,1671929856,28736892928,96845824,3022290944,0,2076672,1066138,1356379
07-12 12:16:24,32.412,7.035,58.794,1.759,0,1673019392,28735803392,96845824,3022290944,0,2887680,1464130,2085551
07-12 12:16:25,31.646,6.582,60.759,1.013,0,1674604544,28734218240,96845824,3022290944,0,2318336,1309445,1716456
07-12 12:16:26,33.086,7.901,56.790,1.975,0.247,1675984896,28732837888,96845824,3022290944,0,2310144,1144082,1493979
07-12 12:16:27,27.792,6.753,63.117,2.338,0,1676857344,28731965440,96845824,3022290944,0,2662400,1437532,1812015
07-12 12:16:28,31.026,5.641,61.795,1.282,0.256,1677602816,28731219968,96845824,3022290944,0,1908736,1309763,1653213
07-12 12:16:29,32.576,8.333,57.576,1.263,0.253,1632030720,28776398848,96845824,3022684160,0,2551808,1454178,1707780
07-12 12:16:30,26.952,8.816,63.224,1.008,0,1654972416,28753108992,96845824,3023032320,0,3039232,651994,508024
07-12 12:16:31,25.635,10.660,62.183,1.269,0.254,1649754112,28750794752,96845824,3030564864,0,10960896,494964,581912
07-12 12:16:32,26.055,9.429,63.524,0.993,0,1562857472,28836315136,96845824,3031941120,0,1794048,727285,975318
07-12 12:16:33,31.579,6.015,60.652,1.504,0.251,1577242624,28820860928,96845824,3033010176,0,3268608,1072077,1171448
07-12 12:16:34,29.293,6.818,61.364,2.273,0.253,1588490240,28810752000,96845824,3031687168,0,12328960,1086152,1309120
07-12 12:16:35,28.426,6.853,61.168,3.299,0.254,1586802688,28809469952,96845824,3034464256,0,26304512,945745,1048303
07-12 12:16:36,28.426,8.883,60.152,2.538,0,1597931520,28793372672,96845824,3039502336,0,25853952,1239969,1422072
07-12 12:16:37,31.750,7.500,57,3.500,0.250,1603694592,28797222912,96845824,3029852160,0,31875072,1048224,1187272
07-12 12:16:38,30.123,7.407,59.506,2.963,0,1606397952,28795035648,96845824,3029512192,0,4087808,941902,1175680
07-12 12:16:39,30.311,6.995,59.067,3.368,0.259,1609441280,28791992320,96845824,3029512192,0,3956736,1813233,1893326
07-12 12:16:40,31.421,6.484,59.352,2.494,0.249,1614397440,28787036160,96845824,3029512192,0,4644864,1689495,1726840
07-12 12:16:41,33.676,7.969,56.298,2.057,0,1621688320,28779745280,96845824,3029512192,0,2736128,1394784,1865397
07-12 12:16:42,34.085,7.268,56.391,2.005,0.251,1623236608,28778196992,96845824,3029512192,0,2633728,1456390,1838880
07-12 12:16:43,30.769,4.872,62.821,1.538,0,1623572480,28777861120,96845824,3029512192,0,1937408,1256839,1488610
07-12 12:16:44,32.258,7.692,57.072,2.730,0.248,1624403968,28777029632,96845824,3029512192,0,2973696,1582070,1946193
07-12 12:16:45,31.343,4.975,61.443,2.239,0,1625276416,28776157184,96845824,3029512192,0,2207744,1196166,1410827
07-12 12:16:46,33.500,7,56.750,2.500,0.250,1626775552,28774658048,96845824,3029512192,0,2707456,1444581,1792549
07-12 12:16:47,34.171,5.779,58.040,2.010,0,1627516928,28773916672,96845824,3029512192,0,2809856,1571892,2021138
07-12 12:16:48,33.166,5.528,60.302,1.005,0,1628876800,28772556800,96845824,3029512192,0,2023424,1350867,1734139
07-12 12:16:49,35.787,5.584,56.853,1.523,0.254,1630904320,28770529280,96845824,3029512192,0,3760128,1784255,2192143
07-12 12:16:50,31.061,8.333,58.838,1.515,0.253,1634099200,28767334400,96845824,3029512192,0,3776512,1555951,1540102
07-12 12:16:51,32.570,6.361,57.761,3.053,0.254,1634992128,28766441472,96845824,3029512192,0,3031040,1661437,2095137
07-12 12:16:52,29.124,5.928,61.340,3.351,0.258,1635573760,28765859840,96845824,3029512192,0,2498560,1893246,1980869
07-12 12:16:53,31.527,7.882,57.882,2.709,0,1636347904,28765085696,96845824,3029512192,0,2531328,1771314,1995698
07-12 12:16:54,34.021,6.443,57.474,1.804,0.258,1637343232,28764086272,96845824,3029516288,0,2650112,1551988,1933086
07-12 12:16:55,29.231,5.641,61.795,3.077,0.256,1637552128,28763877376,96845824,3029516288,0,2715648,1520549,1716205
07-12 12:16:56,31.969,5.371,60.358,2.046,0.256,1638047744,28763377664,96845824,3029520384,0,2080768,1290723,1389262
07-12 12:16:57,32.338,6.219,59.701,1.493,0.249,1638887424,28762537984,96845824,3029520384,0,2215936,1517010,1828104
07-12 12:16:58,32.905,6.170,58.869,1.799,0.257,1640013824,28761403392,96845824,3029528576,0,2093056,1244426,1417974
07-12 12:16:59,32.746,5.290,60.202,1.511,0.252,1642131456,28759285760,96845824,3029528576,0,3252224,1473586,1744718
07-12 12:17:00,36.456,5.823,55.696,1.772,0.253,1645305856,28756111360,96845824,3029528576,0,4448256,1686711,1709060
07-12 12:17:01,29.188,6.345,62.437,1.777,0.254,1645694976,28755722240,96845824,3029528576,0,1957888,1437565,1622823
07-12 12:17:02,29.620,7.595,60.506,2.025,0.253,1646563328,28754853888,96845824,3029528576,0,2342912,1310412,1555649
07-12 12:17:03,32.051,5.641,60.513,1.538,0.256,1647235072,28754173952,96845824,3029536768,0,1941504,941330,1134932
07-12 12:17:04,31.807,6.107,60.051,1.781,0.254,1647747072,28753661952,96845824,3029536768,0,2572288,1395215,1812142
07-12 12:17:05,34.005,6.045,57.935,2.015,0,1648607232,28752785408,96845824,3029553152,0,2875392,1427396,1785140
07-12 12:17:06,30.500,7.250,60.750,1.250,0.250,1650966528,28750426112,96845824,3029553152,0,2076672,1145239,1659817
07-12 12:17:07,29.323,6.767,61.905,2.005,0,1651511296,28749881344,96845824,3029553152,0,2621440,1165555,1577929
07-12 12:17:08,32,7.250,58,2.500,0.250,1652142080,28749250560,96845824,3029553152,0,2813952,1254471,1567005
07-12 12:17:09,33.085,6.965,57.711,1.990,0.249,1654628352,28746764288,96845824,3029553152,0,3530752,1301525,1518997
07-12 12:17:10,38.750,7.750,52,1.250,0.250,1658421248,28742893568,96845824,3029590016,0,4808704,1407741,1563647
07-12 12:17:11,32.383,4.404,61.399,1.554,0.259,1658880000,28742426624,96845824,3029598208,0,1986560,1002489,1262023
07-12 12:17:12,31.818,6.566,59.848,1.768,0,1660006400,28741296128,96845824,3029602304,0,2609152,1285102,1696916
07-12 12:17:13,34.694,4.337,59.439,1.531,0,1660956672,28740337664,96845824,3029610496,0,2428928,1406148,1960641
07-12 12:17:14,31.990,6.045,60.453,1.259,0.252,1661673472,28739604480,96845824,3029626880,0,2293760,1030283,1347524
07-12 12:17:15,29.923,6.394,62.404,1.279,0,1662803968,28738473984,96845824,3029626880,0,2183168,1091951,1432262
07-12 12:17:16,33.416,6.484,58.603,1.247,0.249,1663705088,28737572864,96845824,3029626880,0,2297856,1144920,1529595
07-12 12:17:17,30.653,6.533,61.558,1.256,0,1664319488,28736958464,96845824,3029626880,0,1900544,867313,1187955
07-12 12:17:18,29.730,8.845,58.722,2.703,0,1664634880,28736638976,96845824,3029630976,0,2670592,1006650,1177638
07-12 12:17:19,28.536,7.692,61.787,1.737,0.248,1666445312,28734828544,96845824,3029630976,0,3149824,1023981,1164486
07-12 12:17:20,31.070,6.266,60.574,2.089,0,1670074368,28731191296,96845824,3029635072,0,4530176,1067581,1024629
07-12 12:17:21,29.695,5.838,61.675,2.538,0.254,1671086080,28730175488,96845824,3029639168,0,2637824,1018987,1243893
07-12 12:17:22,31.378,5.612,60.459,2.551,0,1671172096,28730081280,96845824,3029647360,0,2555904,991981,1220823
07-12 12:17:23,30.633,6.835,59.747,2.532,0.253,1671901184,28729339904,96845824,3029659648,0,2904064,1522966,1681300
07-12 12:17:24,36,6.250,56,1.750,0,1672642560,28728598528,96845824,3029659648,0,2494464,1206294,1566443
07-12 12:17:25,29.517,5.089,63.868,1.527,0,1674092544,28727148544,96845824,3029659648,0,2138112,949192,1166204
07-12 12:17:26,28.750,8.250,59.500,3.250,0.250,1674878976,28726349824,96845824,3029671936,0,2719744,996265,1175232
07-12 12:17:27,30.769,7.444,60.050,1.737,0,1675460608,28725768192,96845824,3029671936,0,2428928,1231985,1456272
07-12 12:17:28,30.380,5.063,62.278,2.025,0.253,1676169216,28725059584,96845824,3029671936,0,2068480,1032241,1291291
07-12 12:17:29,30.513,5.897,61.795,1.538,0.256,1677524992,28723703808,96845824,3029671936,0,3313664,1323185,1538281
07-12 12:17:30,32.323,7.323,59.091,1.263,0,1642016768,28758712320,96845824,3030171648,0,3305472,967246,980639
07-12 12:17:31,27.681,8.229,63.092,0.998,0,1638080512,28762263552,96845824,3030552576,0,2215936,590945,615913
07-12 12:17:32,25.316,9.114,63.797,1.519,0.253,1637072896,28755841024,96845824,3037982720,0,9904128,632482,660893
07-12 12:17:33,28.500,7,63.250,1.250,0,1561952256,28828524544,96845824,3040419840,0,3391488,918445,1144533
07-12 12:17:34,31.750,4.500,62.500,1,0.250,1578377216,28811366400,96845824,3041144832,0,3522560,1025420,1284064
07-12 12:17:35,28.463,7.809,61.965,1.763,0,1589678080,28803108864,96845824,3037962240,0,15380480,1268013,1643676
07-12 12:17:36,32.658,4.557,61.013,1.519,0.253,1593106432,28798181376,96845824,3039461376,0,3633152,1132408,1271713
07-12 12:17:37,29.676,6.234,62.344,1.746,0,1605373952,28783599616,96845824,3041775616,0,5230592,944886,1147914
07-12 12:17:38,30.576,6.015,61.654,1.504,0.251,1609068544,28778311680,96845824,3043368960,0,1847296,1111277,1216054
07-12 12:17:39,27.735,6.361,63.359,2.545,0,1609302016,28784254976,96845824,3037192192,0,11468800,1267003,1270499
07-12 12:17:40,33.756,6.599,58.122,1.269,0.254,1616838656,28775702528,96845824,3038208000,0,3870720,1410164,1279290
07-12 12:17:41,36.203,4.810,57.722,1.266,0,1619042304,28771594240,96845824,3040112640,0,3760128,1228800,1391251
07-12 12:17:42,34.430,4.810,59.241,1.266,0.253,1619755008,28767612928,96845824,3043381248,0,6549504,1036857,1157638
07-12 12:17:43,28.788,6.818,61.364,3.030,0,1622011904,28762386432,96845824,3046166528,0,30900224,1061353,1299677
07-12 12:17:44,30.653,7.789,59.296,2.010,0.251,1624342528,28765126656,96845824,3041214464,0,22761472,1238823,1550151
07-12 12:17:45,29.381,6.701,62.113,1.546,0.258,1625317376,28771590144,96845824,3033751552,0,18800640,1070175,1251429
07-12 12:17:46,31.818,9.596,55.556,3.030,0,1628065792,28767522816,96845824,3035193344,0,26402816,1565542,1789881
07-12 12:17:47,32.992,5.882,59.591,1.279,0.256,1630351360,28769136640,96845824,3031330816,0,11616256,1322248,1514756
07-12 12:17:48,30.653,6.281,61.809,1.256,0,1631416320,28768071680,96845824,3031330816,0,2322432,1401213,1911792
07-12 12:17:49,30.649,7.273,60.260,1.558,0.260,1633349632,28766138368,96845824,3031330816,0,3637248,1615970,1805675
07-12 12:17:50,36.020,5.542,56.423,1.763,0.252,1636827136,28762660864,96845824,3031330816,0,4489216,1403339,1441206
07-12 12:17:51,31.877,6.170,60.154,1.799,0,1637875712,28761612288,96845824,3031330816,0,2600960,1428829,1748164
07-12 12:17:52,31.122,6.888,59.694,2.041,0.255,1637969920,28761518080,96845824,3031330816,0,2445312,1590632,1790512
07-12 12:17:53,33,4.750,60.500,1.750,0,1639100416,28760387584,96845824,3031330816,0,2318336,1232033,1601278
07-12 12:17:54,34.015,7.417,55.754,2.558,0.256,1639743488,28759744512,96845824,3031330816,0,2936832,1445164,1909014
07-12 12:17:55,36.591,6.015,56.140,1.253,0,1641385984,28758097920,96845824,3031334912,0,2449408,1393729,1879076
07-12 12:17:56,30.612,4.592,62.755,1.786,0.255,1642033152,28757450752,96845824,3031334912,0,2363392,1056030,1406777
07-12 12:17:57,29.306,6.427,62.468,1.799,0,1642708992,28756774912,96845824,3031334912,0,2306048,1302806,1678519
07-12 12:17:58,30.424,5.736,61.596,1.746,0.499,1642999808,28756484096,96845824,3031334912,0,1822720,1050638,1190285
07-12 12:17:59,32.824,7.125,57.761,2.036,0.254,1644838912,28754644992,96845824,3031334912,0,3375104,1297285,1396093
07-12 12:18:00,34.694,7.398,54.847,2.296,0.765,1648091136,28751388672,96845824,3031339008,0,4587520,1432328,1447817
07-12 12:18:01,28.608,7.089,61.772,2.025,0.506,1648635904,28750839808,96845824,3031343104,0,2064384,1066725,1254620
07-12 12:18:02,30.151,8.794,58.543,2.010,0.503,1649573888,28749901824,96845824,3031343104,0,2502656,1380955,1704643
07-12 12:18:03,29.744,7.436,59.744,2.564,0.513,1650425856,28749049856,96845824,3031343104,0,2465792,1253558,1430587
07-12 12:18:04,31.899,6.582,59.747,1.266,0.506,1650892800,28748582912,96845824,3031343104,0,2035712,1179429,1437524
07-12 12:18:05,32.828,8.333,57.576,1.263,0,1652572160,28746903552,96845824,3031343104,0,2621440,1494831,2146114
07-12 12:18:06,32.481,5.627,60.358,1.279,0.256,1653989376,28745486336,96845824,3031343104,0,2584576,1455038,1878845
07-12 12:18:07,32.990,3.608,62.113,1.289,0,1654812672,28744663040,96845824,3031343104,0,2244608,1246345,1604696
07-12 12:18:08,31.738,8.564,56.423,3.023,0.252,1655291904,28744179712,96845824,3031347200,0,3125248,1239907,1558945
07-12 12:18:09,32.997,6.549,57.683,2.519,0.252,1656971264,28742500352,96845824,3031347200,0,3956736,1363796,1615635
07-12 12:18:10,37.436,6.410,54.359,1.795,0,1660661760,28738793472,96845824,3031363584,0,4878336,1283874,1538291
07-12 12:18:11,32.090,7.960,58.209,1.493,0.249,1662177280,28737277952,96845824,3031363584,0,2609152,1420508,1955945
07-12 12:18:12,33.250,4.750,59.500,2.500,0,1663180800,28736274432,96845824,3031363584,0,2416640,1198687,1451708
07-12 12:18:13,30.102,6.378,60.714,2.551,0.255,1664049152,28735406080,96845824,3031363584,0,2555904,1424549,1700521
07-12 12:18:14,28.244,5.344,62.341,3.817,0.254,1664147456,28735307776,96845824,3031363584,0,2482176,1499555,1547201
07-12 12:18:15,28.283,6.566,62.879,2.273,0,1664335872,28735119360,96845824,3031363584,0,1896448,1426826,1510531
07-12 12:18:16,28.678,7.980,60.100,2.993,0.249,1665146880,28734308352,96845824,3031363584,0,2519040,1383782,1600155
07-12 12:18:17,30.789,6.361,61.323,1.527,0,1666342912,28733112320,96845824,3031363584,0,2056192,1226520,1437789
07-12 12:18:18,31.980,4.061,61.421,2.284,0.254,1667051520,28732403712,96845824,3031363584,0,2293760,1319001,1709509
07-12 12:18:19,28.934,7.107,60.914,2.538,0.508,1669275648,28730179584,96845824,3031363584,0,3547136,1627601,1816816
07-12 12:18:20,34.606,6.616,56.743,1.781,0.254,1672949760,28726501376,96845824,3031367680,0,4108288,1352846,1330009
07-12 12:18:21,32.134,8.483,56.041,3.085,0.257,1673486336,28725964800,96845824,3031367680,0,2998272,1486120,1762863
07-12 12:18:22,35.990,5.656,56.298,2.057,0,1675747328,28723703808,96845824,3031367680,0,3035136,1576816,1988470
07-12 12:18:23,29.630,7.654,60.988,1.481,0.247,1676038144,28723412992,96845824,3031367680,0,2043904,1223052,1455125
07-12 12:18:24,32.398,6.888,59.184,1.531,0,1677344768,28722106368,96845824,3031367680,0,2523136,1415108,1765946
07-12 12:18:25,32.250,7.250,58.750,1.500,0.250,1677729792,28721721344,96845824,3031367680,0,2588672,1475872,1889109
07-12 12:18:26,33.990,5.911,57.389,2.463,0.246,1679728640,28719722496,96845824,3031367680,0,2473984,1195696,1457394
07-12 12:18:27,30.424,7.481,59.850,2.244,0,1680310272,28719140864,96845824,3031367680,0,2699264,1162982,1471196
07-12 12:18:28,30.326,5.764,60.652,3.008,0.251,1680568320,28718882816,96845824,3031367680,0,2629632,1548726,1714075
07-12 12:18:29,30,5.500,62.250,2.250,0,1682153472,28717297664,96845824,3031367680,0,3264512,1248386,1386219
07-12 12:18:30,31.034,8.867,58.374,1.478,0.246,1623887872,28775071744,96845824,3031859200,0,4165632,1278056,1252443
07-12 12:18:31,28.101,5.063,65.823,1.013,0,1629184000,28769427456,96845824,3032207360,0,1474560,590745,691431
07-12 12:18:32,28.788,7.576,62.121,1.515,0,1554448384,28835696640,96845824,3040673792,0,10366976,749912,890212
07-12 12:18:33,30.769,5.955,62.283,0.744,0.248,1570213888,28813504512,96845824,3047026688,0,7434240,964159,1290737
07-12 12:18:34,30.075,7.769,60.401,1.754,0,1587408896,28787699712,96845824,3055411200,0,21184512,1277062,1565148
07-12 12:18:35,29.877,7.407,61.728,0.988,0,1590231040,28799758336,96845824,3040415744,0,12754944,946173,1056097
07-12 12:18:36,32.581,6.516,57.143,3.509,0.251,1595244544,28790894592,96845824,3044339712,0,23744512,1059182,1224570
07-12 12:18:37,29.777,7.196,61.042,1.985,0,1609834496,28751364096,96845824,3068993536,0,26750976,1304602,1814465
07-12 12:18:38,33.582,6.219,57.960,1.990,0.249,1612926976,28762800128,96845824,3054604288,0,16232448,965612,1194430
07-12 12:18:39,31.830,8.521,58.145,1.504,0,1614311424,28761960448,96845824,3054280704,0,21487616,1430422,1586752
07-12 12:18:40,33.167,6.983,57.855,1.995,0,1616777216,28770635776,96845824,3043102720,0,22298624,1374420,1284487
07-12 12:18:41,28.642,7.160,61.975,1.975,0.247,1618477056,28773052416,96845824,3038986240,0,4018176,1611596,1707081
07-12 12:18:42,30.827,5.764,61.905,1.504,0,1619345408,28772184064,96845824,3038986240,0,1945600,1662996,1827792
07-12 12:18:43,32.331,5.263,60.652,1.504,0.251,1620602880,28770926592,96845824,3038986240,0,2265088,1953304,2354916
07-12 12:18:44,31.061,7.576,59.848,1.263,0.253,1621078016,28770447360,96845824,3038990336,0,2183168,1987954,2335920
07-12 12:18:45,31.008,4.651,63.307,1.034,0,1622048768,28769476608,96845824,3038990336,0,2002944,1173256,1526915
07-12 12:18:46,31.139,6.076,61.519,1.013,0.253,1624485888,28767039488,96845824,3038990336,0,2060288,1239185,1663168
07-12 12:18:47,31.818,4.293,62.374,1.515,0,1625194496,28766330880,96845824,3038990336,0,1933312,979839,1254107
07-12 12:18:48,32.234,6.345,59.391,2.030,0,1625903104,28765622272,96845824,3038990336,0,2584576,1408865,1727201
07-12 12:18:49,31.281,8.128,58.374,1.970,0.246,1627160576,28764364800,96845824,3038990336,0,3653632,1356244,1652984
07-12 12:18:50,36.181,6.030,55.779,2.010,0,1630420992,28761104384,96845824,3038990336,0,4374528,1337447,1346425
07-12 12:18:51,34.085,7.519,55.639,2.506,0.251,1630969856,28760555520,96845824,3038990336,0,2846720,1328971,1694655
07-12 12:18:52,35.733,6.170,56.298,1.542,0.257,1632256000,28759269376,96845824,3038990336,0,3002368,1720718,2281894
07-12 12:18:53,34.491,5.707,58.561,1.241,0,1633439744,28758085632,96845824,3038990336,0,2007040,1450678,1903042
07-12 12:18:54,33.666,6.733,57.855,1.746,0,1634447360,28757073920,96845824,3038994432,0,3055616,1619254,2268443
07-12 12:18:55,27.735,5.344,64.377,2.290,0.254,1635545088,28755976192,96845824,3038994432,0,2236416,1008622,1209785
07-12 12:18:56,31.646,6.329,58.987,3.038,0,1636311040,28755210240,96845824,3038994432,0,3076096,1343970,1668183
07-12 12:18:57,31.186,7.990,59.536,1.289,0,1637113856,28754407424,96845824,3038994432,0,2580480,1460392,1925866
07-12 12:18:58,31.500,6.500,60.750,1,0.250,1638764544,28752756736,96845824,3038994432,0,2076672,1260970,1681071
07-12 12:18:59,34.367,5.943,58.656,1.034,0,1641201664,28750319616,96845824,3038994432,0,3489792,1595061,1909729
07-12 12:19:00,33.083,6.266,59.148,1.504,0,1644748800,28746772480,96845824,3038994432,0,3989504,1365960,1437907
07-12 12:19:01,28.571,7.769,60.652,2.757,0.251,1645101056,28746420224,96845824,3038994432,0,2658304,1303109,1493307
07-12 12:19:02,36.207,7.389,53.941,2.463,0,1645940736,28745580544,96845824,3038994432,0,2621440,1308885,1518013
07-12 12:19:03,28.354,6.329,62.532,2.785,0,1646166016,28745355264,96845824,3038994432,0,2441216,1036378,1122799
07-12 12:19:04,31.234,7.053,57.431,4.030,0.252,1646907392,28744613888,96845824,3038994432,0,3178496,1173163,1353124
07-12 12:19:05,26.425,6.995,61.917,4.404,0.259,1646612480,28744908800,96845824,3038994432,0,3112960,960313,1218649
07-12 12:19:06,9.794,4.897,83.247,1.804,0.258,1646489600,28745031680,96845824,3038994432,0,1097728,419520,476201
